6.551195678710937500e+02
6.869083862304687500e+02
7.168564453125000000e+02
7.213067626953125000e+02
7.058496093750000000e+02
7.060108032226562500e+02
6.939269409179687500e+02
7.198666992187500000e+02
7.547770996093750000e+02
6.941567993164062500e+02
7.599232788085937500e+02
7.360092163085937500e+02
7.462916259765625000e+02
7.297332153320312500e+02
7.095074462890625000e+02
7.238610839843750000e+02
7.963754882812500000e+02
7.456611938476562500e+02
7.369025268554687500e+02
6.740333862304687500e+02
6.059584350585937500e+02
6.677077026367187500e+02
6.722799072265625000e+02
6.486701049804687500e+02
6.483027343750000000e+02
7.817733154296875000e+02
8.781074829101562500e+02
8.104935302734375000e+02
7.179824829101562500e+02
7.717288208007812500e+02
7.952812500000000000e+02
8.242265625000000000e+02
8.006630859375000000e+02
7.316995849609375000e+02
7.335334472656250000e+02
8.418603515625000000e+02
9.463290405273437500e+02
8.263170166015625000e+02
7.208877563476562500e+02
7.045953369140625000e+02
6.963542480468750000e+02
6.928118896484375000e+02
6.880476684570312500e+02
7.194776611328125000e+02
6.668534545898437500e+02
7.188800659179687500e+02
8.546046142578125000e+02
8.350827026367187500e+02
7.770141601562500000e+02
8.135946044921875000e+02
1.267888427734375000e+03
1.397011962890625000e+03
1.035140625000000000e+03
7.233744506835937500e+02
7.690264892578125000e+02
7.261082153320312500e+02
8.501958618164062500e+02
7.294826049804687500e+02
6.737184448242187500e+02
6.800883789062500000e+02
7.180820312500000000e+02
6.723195800781250000e+02
6.832767333984375000e+02
7.094944458007812500e+02
6.931337890625000000e+02
7.011295166015625000e+02
7.426120605468750000e+02
7.348617553710937500e+02
7.593823852539062500e+02
1.041974487304687500e+03
1.715319946289062500e+03
1.990709472656250000e+03
1.291048095703125000e+03
8.309902343750000000e+02
7.554805297851562500e+02
7.024643554687500000e+02
7.330854492187500000e+02
7.276916503906250000e+02
6.924264526367187500e+02
6.949790039062500000e+02
7.355683593750000000e+02
6.844989013671875000e+02
6.975446777343750000e+02
6.759551391601562500e+02
6.978954467773437500e+02
7.392215576171875000e+02
6.834417724609375000e+02
7.122300415039062500e+02
7.493223876953125000e+02
8.443517456054687500e+02
1.285962158203125000e+03
1.521076416015625000e+03
1.081236694335937500e+03
8.200620117187500000e+02
7.402113037109375000e+02
6.628110351562500000e+02
7.283159179687500000e+02
7.154083251953125000e+02
6.926027832031250000e+02
6.511394653320312500e+02
6.535554809570312500e+02
6.893658447265625000e+02
6.796837768554687500e+02
6.866372070312500000e+02
7.010404052734375000e+02
7.033897705078125000e+02
7.194913330078125000e+02
7.309019775390625000e+02
7.393721923828125000e+02
7.397722167968750000e+02
8.413998413085937500e+02
8.702745361328125000e+02
7.803756103515625000e+02
7.080228271484375000e+02
7.265128173828125000e+02
7.267976074218750000e+02
6.106699829101562500e+02
6.561145019531250000e+02
7.276307373046875000e+02
6.831231079101562500e+02
6.619756469726562500e+02
6.798963623046875000e+02
6.743121948242187500e+02
6.384865722656250000e+02
6.433474121093750000e+02
6.892199707031250000e+02
6.731340332031250000e+02
6.871666870117187500e+02
6.829058227539062500e+02
7.128678588867187500e+02
7.042586669921875000e+02
7.427174682617187500e+02
7.337462768554687500e+02
7.160374755859375000e+02
6.685253906250000000e+02
7.530896606445312500e+02
6.896279907226562500e+02
6.569839477539062500e+02
7.236654663085937500e+02
7.093521118164062500e+02
7.062086791992187500e+02
7.053453369140625000e+02
6.939125366210937500e+02
6.777119750976562500e+02
6.919014282226562500e+02
6.615483398437500000e+02
6.961920166015625000e+02
7.556747436523437500e+02
7.121900634765625000e+02
7.177987670898437500e+02
7.220456542968750000e+02
7.369752197265625000e+02
6.918315429687500000e+02
6.831125488281250000e+02
7.273452758789062500e+02
7.016700439453125000e+02
7.185709838867187500e+02
6.712526855468750000e+02
6.609057617187500000e+02
7.068097534179687500e+02
6.655607299804687500e+02
6.776212158203125000e+02
7.124506835937500000e+02
7.000552368164062500e+02
6.655228271484375000e+02
6.706473388671875000e+02
6.475399169921875000e+02
6.830137329101562500e+02
7.216914062500000000e+02
6.670066528320312500e+02
7.069319458007812500e+02
7.176540527343750000e+02
6.265346679687500000e+02
6.680146484375000000e+02
6.818616943359375000e+02
7.171641845703125000e+02
7.025783081054687500e+02
7.149045410156250000e+02
6.600291748046875000e+02
7.064128417968750000e+02
6.597036743164062500e+02
6.724329833984375000e+02
6.837683105468750000e+02
7.159089355468750000e+02
7.079722290039062500e+02
6.227509155273437500e+02
6.982282714843750000e+02
6.550504760742187500e+02
7.199382324218750000e+02
7.175786743164062500e+02
6.292753906250000000e+02
7.018773193359375000e+02
6.608092041015625000e+02
6.782384643554687500e+02
6.985529174804687500e+02
7.112600097656250000e+02
6.704412231445312500e+02
6.509626464843750000e+02
6.419270019531250000e+02
6.732183837890625000e+02
6.483699951171875000e+02
6.777395629882812500e+02
6.724195556640625000e+02
6.917533569335937500e+02
6.833159790039062500e+02
7.253336181640625000e+02
6.854284057617187500e+02
7.513798217773437500e+02
7.923445434570312500e+02
7.652828369140625000e+02
7.194354248046875000e+02
7.157451171875000000e+02
6.868785400390625000e+02
6.956799926757812500e+02
6.961543579101562500e+02
6.511414794921875000e+02
6.560353393554687500e+02
6.869589843750000000e+02
6.752865600585937500e+02
6.608773193359375000e+02
6.817575683593750000e+02
7.066119384765625000e+02
6.382430419921875000e+02
6.781959838867187500e+02
6.644918823242187500e+02
7.277532958984375000e+02
7.469372558593750000e+02
7.740693969726562500e+02
8.346557006835937500e+02
7.735397949218750000e+02
7.156727294921875000e+02
7.404649047851562500e+02
7.664004516601562500e+02
6.690051879882812500e+02
6.646710205078125000e+02
6.772196044921875000e+02
6.974271850585937500e+02
7.184473266601562500e+02
6.961567382812500000e+02
6.449489746093750000e+02
6.795931396484375000e+02
6.553930664062500000e+02
6.824477539062500000e+02
6.598615112304687500e+02
6.658970947265625000e+02
6.417532958984375000e+02
6.499969482421875000e+02
7.290148925781250000e+02
7.474958496093750000e+02
7.307632446289062500e+02
7.332890014648437500e+02
7.644310302734375000e+02
7.714794311523437500e+02
7.380614624023437500e+02
7.097866210937500000e+02
7.263533935546875000e+02
6.922056884765625000e+02
7.279883422851562500e+02
6.992472534179687500e+02
6.412827148437500000e+02
6.970628051757812500e+02
6.947830200195312500e+02
6.519144897460937500e+02
6.529941406250000000e+02
6.755137939453125000e+02
6.777816162109375000e+02
7.037369384765625000e+02
7.212120971679687500e+02
6.943162231445312500e+02
7.544895019531250000e+02
7.956717529296875000e+02
7.592752685546875000e+02
8.162126464843750000e+02
8.025042724609375000e+02
7.890780029296875000e+02
7.527767333984375000e+02
7.152979125976562500e+02
7.471331787109375000e+02
7.302410278320312500e+02
6.792792968750000000e+02
6.843017578125000000e+02
6.999678955078125000e+02
7.204519653320312500e+02
7.047597045898437500e+02
6.975664672851562500e+02
7.536794433593750000e+02
7.085855712890625000e+02
6.864493408203125000e+02
7.124383544921875000e+02
7.483049926757812500e+02
7.873412475585937500e+02
8.749135742187500000e+02
8.937957763671875000e+02
9.089793701171875000e+02
9.073787231445312500e+02
7.990409545898437500e+02
7.718373413085937500e+02
7.527281494140625000e+02
7.025103149414062500e+02
7.086553344726562500e+02
6.781031494140625000e+02
6.986248779296875000e+02
7.126948852539062500e+02
6.943344726562500000e+02
6.986439208984375000e+02
7.107564697265625000e+02
7.128508300781250000e+02
6.960562133789062500e+02
7.395949096679687500e+02
7.324006347656250000e+02
8.842857055664062500e+02
1.289315917968750000e+03
1.680438232421875000e+03
1.549392211914062500e+03
1.112722534179687500e+03
1.042087768554687500e+03
8.548741455078125000e+02
7.421301879882812500e+02
6.842083129882812500e+02
6.817756347656250000e+02
6.747722167968750000e+02
7.005690307617187500e+02
7.089432983398437500e+02
6.713674926757812500e+02
7.141943359375000000e+02
6.371355590820312500e+02
6.817045288085937500e+02
7.296572265625000000e+02
8.059656982421875000e+02
8.473527221679687500e+02
1.148599853515625000e+03
2.822809082031250000e+03
5.061319335937500000e+03
4.142721191406250000e+03
1.884189086914062500e+03
1.158838012695312500e+03
9.098177490234375000e+02
7.352387695312500000e+02
6.845115966796875000e+02
6.725217285156250000e+02
7.143855590820312500e+02
6.750327148437500000e+02
6.978560791015625000e+02
7.020556030273437500e+02
6.672062988281250000e+02
7.103468627929687500e+02
7.155662231445312500e+02
6.940316772460937500e+02
7.753675537109375000e+02
8.428056030273437500e+02
1.335504638671875000e+03
3.892151367187500000e+03
7.679599121093750000e+03
5.926497070312500000e+03
2.363667236328125000e+03
1.078920654296875000e+03
8.218861694335937500e+02
7.476264038085937500e+02
6.968666381835937500e+02
7.182108764648437500e+02
6.817869262695312500e+02
7.497017211914062500e+02
6.687481689453125000e+02
6.636401977539062500e+02
7.346315917968750000e+02
6.968582153320312500e+02
7.656137695312500000e+02
7.219626464843750000e+02
7.671520385742187500e+02
8.098468017578125000e+02
1.026906738281250000e+03
2.309554199218750000e+03
4.138491210937500000e+03
3.391607666015625000e+03
1.560655029296875000e+03
9.455359497070312500e+02
8.237630004882812500e+02
7.143449707031250000e+02
7.277286376953125000e+02
6.872673339843750000e+02
6.699255371093750000e+02
6.859709472656250000e+02
7.198404541015625000e+02
6.904266967773437500e+02
6.999656982421875000e+02
6.950630493164062500e+02
6.633958740234375000e+02
6.811626586914062500e+02
7.479288940429687500e+02
8.057796630859375000e+02
8.850006713867187500e+02
1.114999145507812500e+03
1.421704833984375000e+03
1.284534545898437500e+03
9.482192382812500000e+02
7.943363647460937500e+02
7.176834716796875000e+02
7.143620605468750000e+02
7.081560058593750000e+02
6.265682983398437500e+02
1.060531127929687500e+03
1.121568603515625000e+03
1.108039672851562500e+03
1.121118164062500000e+03
1.078055664062500000e+03
1.238719848632812500e+03
1.391317016601562500e+03
1.414531250000000000e+03
1.349653076171875000e+03
1.156165161132812500e+03
1.156804321289062500e+03
1.231240966796875000e+03
1.199675659179687500e+03
1.216451904296875000e+03
1.182909057617187500e+03
1.424497558593750000e+03
1.554380981445312500e+03
1.329643920898437500e+03
1.233724609375000000e+03
1.115057006835937500e+03
1.092167236328125000e+03
1.149024169921875000e+03
1.111831909179687500e+03
1.123158203125000000e+03
1.141558471679687500e+03
1.331931152343750000e+03
1.683171630859375000e+03
1.665951538085937500e+03
1.362817382812500000e+03
1.300194091796875000e+03
1.401889770507812500e+03
1.407175903320312500e+03
1.287518432617187500e+03
1.260427246093750000e+03
1.281993774414062500e+03
1.633439331054687500e+03
2.017371826171875000e+03
1.559166625976562500e+03
1.245123657226562500e+03
1.147493164062500000e+03
1.118145141601562500e+03
1.081273193359375000e+03
1.161774047851562500e+03
1.146929077148437500e+03
1.187954711914062500e+03
1.412955444335937500e+03
1.632693359375000000e+03
1.634713623046875000e+03
1.395734130859375000e+03
1.522551147460937500e+03
2.214225585937500000e+03
2.503239257812500000e+03
1.840594970703125000e+03
1.286998535156250000e+03
1.257627563476562500e+03
1.518274536132812500e+03
1.685892944335937500e+03
1.481965942382812500e+03
1.246505615234375000e+03
1.150352050781250000e+03
1.095433349609375000e+03
1.158445434570312500e+03
1.175918212890625000e+03
1.176793334960937500e+03
1.171092041015625000e+03
1.182571655273437500e+03
1.318555419921875000e+03
1.351409423828125000e+03
1.297463256835937500e+03
1.819162719726562500e+03
3.275877441406250000e+03
3.878560058593750000e+03
2.369701904296875000e+03
1.363739379882812500e+03
1.186638916015625000e+03
1.269537109375000000e+03
1.302775390625000000e+03
1.227407958984375000e+03
1.119706665039062500e+03
1.208899658203125000e+03
1.092667968750000000e+03
1.101731445312500000e+03
1.078568725585937500e+03
1.134286621093750000e+03
1.134790039062500000e+03
1.192524536132812500e+03
1.117887939453125000e+03
1.167571411132812500e+03
1.264100463867187500e+03
1.554043457031250000e+03
2.555829345703125000e+03
2.779362304687500000e+03
1.903222900390625000e+03
1.316723388671875000e+03
1.158494140625000000e+03
1.173203735351562500e+03
1.178667236328125000e+03
1.189779296875000000e+03
1.175496093750000000e+03
1.122087646484375000e+03
1.082978759765625000e+03
1.145111816406250000e+03
1.081424316406250000e+03
1.130530151367187500e+03
1.200646606445312500e+03
1.139790405273437500e+03
1.136607543945312500e+03
1.149220214843750000e+03
1.253577636718750000e+03
1.204345092773437500e+03
1.429987182617187500e+03
1.420417724609375000e+03
1.328049438476562500e+03
1.231371459960937500e+03
1.259099731445312500e+03
1.122517822265625000e+03
1.159030273437500000e+03
1.139458984375000000e+03
1.120055541992187500e+03
1.122645019531250000e+03
1.138380737304687500e+03
1.067610839843750000e+03
1.077591796875000000e+03
1.141195312500000000e+03
1.095308715820312500e+03
1.176037963867187500e+03
1.126338134765625000e+03
1.119366088867187500e+03
1.084279785156250000e+03
1.146440917968750000e+03
1.247997314453125000e+03
1.212637207031250000e+03
1.235247680664062500e+03
1.236390136718750000e+03
1.193476928710937500e+03
1.137090332031250000e+03
1.113441284179687500e+03
1.115152709960937500e+03
1.086408081054687500e+03
1.118105346679687500e+03
1.125122314453125000e+03
1.147576171875000000e+03
1.094681884765625000e+03
1.123388916015625000e+03
1.155783935546875000e+03
1.157948120117187500e+03
1.111617065429687500e+03
1.085447631835937500e+03
1.145126464843750000e+03
1.151145385742187500e+03
1.118741088867187500e+03
1.161867797851562500e+03
1.140407958984375000e+03
1.157417114257812500e+03
1.134554687500000000e+03
1.130656005859375000e+03
1.079865722656250000e+03
1.087659423828125000e+03
1.059077026367187500e+03
1.199348632812500000e+03
1.173106933593750000e+03
1.209912841796875000e+03
1.180754272460937500e+03
1.147257568359375000e+03
1.108276611328125000e+03
1.083513427734375000e+03
1.120556762695312500e+03
1.146596923828125000e+03
1.105652954101562500e+03
1.125570068359375000e+03
1.119106201171875000e+03
1.142439575195312500e+03
1.166275024414062500e+03
1.138576171875000000e+03
1.137771484375000000e+03
1.128944946289062500e+03
1.164415161132812500e+03
1.122382202148437500e+03
1.070518554687500000e+03
1.139738769531250000e+03
1.136353149414062500e+03
1.102912231445312500e+03
1.144259887695312500e+03
1.080841796875000000e+03
1.207625000000000000e+03
1.155250000000000000e+03
1.103716064453125000e+03
1.113936767578125000e+03
1.220815429687500000e+03
1.144909790039062500e+03
1.107380493164062500e+03
1.136708984375000000e+03
1.191461547851562500e+03
1.068798828125000000e+03
1.099486816406250000e+03
1.128162475585937500e+03
1.160597778320312500e+03
1.129688232421875000e+03
1.140116088867187500e+03
1.188684326171875000e+03
1.097269042968750000e+03
1.143572387695312500e+03
1.098005493164062500e+03
1.109801757812500000e+03
1.136675659179687500e+03
1.171766113281250000e+03
1.146422119140625000e+03
1.115453247070312500e+03
1.175419433593750000e+03
1.159962768554687500e+03
1.178910156250000000e+03
1.132725708007812500e+03
1.077750854492187500e+03
1.125265747070312500e+03
1.128547729492187500e+03
1.161435058593750000e+03
1.108999511718750000e+03
1.150437622070312500e+03
1.186203613281250000e+03
1.095458740234375000e+03
1.071228393554687500e+03
1.070244873046875000e+03
1.135209228515625000e+03
1.121579711914062500e+03
1.105864135742187500e+03
1.117075683593750000e+03
1.119736083984375000e+03
1.173123168945312500e+03
1.161141967773437500e+03
1.120572753906250000e+03
1.114369140625000000e+03
1.088825805664062500e+03
1.120229125976562500e+03
1.129062988281250000e+03
1.182634887695312500e+03
1.107127929687500000e+03
1.060882568359375000e+03
1.118686767578125000e+03
1.169066162109375000e+03
1.116473876953125000e+03
1.136569946289062500e+03
1.121623046875000000e+03
1.146578491210937500e+03
1.156561767578125000e+03
1.162045166015625000e+03
1.102753173828125000e+03
1.138806640625000000e+03
1.133492797851562500e+03
1.107848388671875000e+03
1.143043090820312500e+03
1.183767944335937500e+03
1.199564208984375000e+03
1.118462402343750000e+03
1.146061279296875000e+03
1.153288696289062500e+03
1.128022583007812500e+03
1.137585693359375000e+03
1.191449096679687500e+03
1.120304687500000000e+03
1.137085205078125000e+03
1.117500610351562500e+03
1.082627319335937500e+03
1.127469848632812500e+03
1.075142456054687500e+03
1.103438598632812500e+03
1.067668701171875000e+03
1.133458862304687500e+03
1.082610595703125000e+03
1.141467773437500000e+03
1.164186523437500000e+03
1.192052978515625000e+03
1.207808959960937500e+03
1.223425170898437500e+03
1.221075927734375000e+03
1.186923583984375000e+03
1.168272216796875000e+03
1.137351074218750000e+03
1.164104370117187500e+03
1.150175292968750000e+03
1.110978637695312500e+03
1.164706909179687500e+03
1.111463012695312500e+03
1.162079956054687500e+03
1.131005981445312500e+03
1.109611938476562500e+03
1.059148803710937500e+03
1.158744628906250000e+03
1.097588134765625000e+03
1.150932250976562500e+03
1.188606689453125000e+03
1.176932861328125000e+03
1.164892333984375000e+03
1.248952148437500000e+03
1.231594238281250000e+03
1.240832031250000000e+03
1.265935302734375000e+03
1.218669433593750000e+03
1.057963500976562500e+03
1.083555419921875000e+03
1.142480834960937500e+03
1.136813232421875000e+03
1.117231689453125000e+03
1.108011474609375000e+03
1.118742187500000000e+03
1.091593994140625000e+03
1.144285766601562500e+03
1.099083374023437500e+03
1.173727539062500000e+03
1.214282348632812500e+03
1.169347900390625000e+03
1.263160278320312500e+03
1.479119873046875000e+03
1.738716186523437500e+03
1.631014770507812500e+03
1.437207763671875000e+03
1.370927734375000000e+03
1.242671875000000000e+03
1.202668823242187500e+03
1.119707763671875000e+03
1.133895385742187500e+03
1.064249633789062500e+03
1.160533813476562500e+03
1.097981323242187500e+03
1.070701660156250000e+03
1.159349487304687500e+03
1.153395751953125000e+03
1.165184570312500000e+03
1.149995849609375000e+03
1.127692871093750000e+03
1.261969482421875000e+03
1.436788452148437500e+03
2.386909179687500000e+03
3.707468750000000000e+03
3.184800292968750000e+03
1.891864013671875000e+03
1.573566772460937500e+03
1.360986206054687500e+03
1.167602172851562500e+03
1.179956298828125000e+03
1.142967285156250000e+03
1.149840576171875000e+03
1.112003295898437500e+03
1.037522460937500000e+03
1.090143432617187500e+03
1.087037963867187500e+03
1.143324584960937500e+03
1.090927246093750000e+03
1.123708618164062500e+03
1.068818969726562500e+03
1.240592773437500000e+03
1.532478637695312500e+03
2.980213378906250000e+03
5.192194824218750000e+03
4.321036132812500000e+03
2.217641845703125000e+03
1.473414672851562500e+03
1.276276611328125000e+03
1.110226440429687500e+03
1.159813476562500000e+03
1.113614990234375000e+03
1.120142456054687500e+03
1.137629272460937500e+03
1.113949584960937500e+03
1.093614257812500000e+03
1.121859863281250000e+03
1.170421264648437500e+03
1.141697387695312500e+03
1.098589843750000000e+03
1.190459960937500000e+03
1.154528198242187500e+03
1.412679931640625000e+03
2.071577636718750000e+03
3.142826416015625000e+03
2.721633056640625000e+03
1.605185913085937500e+03
1.251126342773437500e+03
1.208057006835937500e+03
1.114841064453125000e+03
1.140355712890625000e+03
1.072935058593750000e+03
1.138646362304687500e+03
1.162380249023437500e+03
1.063369873046875000e+03
1.131595458984375000e+03
1.154919677734375000e+03
1.094095336914062500e+03
1.085102661132812500e+03
1.125162353515625000e+03
1.131495727539062500e+03
1.204874511718750000e+03
1.238387207031250000e+03
1.430264282226562500e+03
1.522741943359375000e+03
1.496490722656250000e+03
1.278015625000000000e+03
1.192488159179687500e+03
1.177679687500000000e+03
1.121978393554687500e+03
1.208389160156250000e+03
1.144791381835937500e+03
